2 7 6 
a[0] : 2
dp[2] : 1
(1)
na : 7(na=a[i])
【dp】
0	1	2	3	4	5	6	7	8	9	
0	0	1	0	0	0	0	0	0	0	
【p】
0	1	2	3	4	5	6	7	8	9	
0	0	0	0	0	0	0	0	0	0	
 ----- swap(p,dp)後 ----- 
【dp】
0	1	2	3	4	5	6	7	8	9	
0	0	0	0	0	0	0	0	0	0	
【p】
0	1	2	3	4	5	6	7	8	9	
0	0	1	0	0	0	0	0	0	0	
(j : 0)
dp[(j + na) % 10] += p[j]
dp[(0 + 7) % 10] += p[0]
dp[7 % 10] += dp[0]
【dp】
0	1	2	3	4	5	6	7	8	9	
0	0	0	0	0	0	0	0	0	0	
【p】
0	1	2	3	4	5	6	7	8	9	
0	0	1	0	0	0	0	0	0	0	
---
dp[(j * na) % 10] += p[j]
dp[(0 * 7) % 10] += p[0]
dp[0 % 10] += dp[0]
【dp】
0	1	2	3	4	5	6	7	8	9	
0	0	0	0	0	0	0	0	0	0	
【p】
0	1	2	3	4	5	6	7	8	9	
0	0	1	0	0	0	0	0	0	0	
===
(j : 1)
dp[(j + na) % 10] += p[j]
dp[(1 + 7) % 10] += p[1]
dp[8 % 10] += dp[1]
【dp】
0	1	2	3	4	5	6	7	8	9	
0	0	0	0	0	0	0	0	0	0	
【p】
0	1	2	3	4	5	6	7	8	9	
0	0	1	0	0	0	0	0	0	0	
---
dp[(j * na) % 10] += p[j]
dp[(1 * 7) % 10] += p[1]
dp[7 % 10] += dp[1]
【dp】
0	1	2	3	4	5	6	7	8	9	
0	0	0	0	0	0	0	0	0	0	
【p】
0	1	2	3	4	5	6	7	8	9	
0	0	1	0	0	0	0	0	0	0	
===
(j : 2)
dp[(j + na) % 10] += p[j]
dp[(2 + 7) % 10] += p[2]
dp[9 % 10] += dp[2]
【dp】
0	1	2	3	4	5	6	7	8	9	
0	0	0	0	0	0	0	0	0	1	
【p】
0	1	2	3	4	5	6	7	8	9	
0	0	1	0	0	0	0	0	0	0	
---
dp[(j * na) % 10] += p[j]
dp[(2 * 7) % 10] += p[2]
dp[14 % 10] += dp[2]
【dp】
0	1	2	3	4	5	6	7	8	9	
0	0	0	0	1	0	0	0	0	1	
【p】
0	1	2	3	4	5	6	7	8	9	
0	0	1	0	0	0	0	0	0	0	
===
(j : 3)
dp[(j + na) % 10] += p[j]
dp[(3 + 7) % 10] += p[3]
dp[10 % 10] += dp[3]
【dp】
0	1	2	3	4	5	6	7	8	9	
0	0	0	0	1	0	0	0	0	1	
【p】
0	1	2	3	4	5	6	7	8	9	
0	0	1	0	0	0	0	0	0	0	
---
dp[(j * na) % 10] += p[j]
dp[(3 * 7) % 10] += p[3]
dp[21 % 10] += dp[3]
【dp】
0	1	2	3	4	5	6	7	8	9	
0	0	0	0	1	0	0	0	0	1	
【p】
0	1	2	3	4	5	6	7	8	9	
0	0	1	0	0	0	0	0	0	0	
===
(j : 4)
dp[(j + na) % 10] += p[j]
dp[(4 + 7) % 10] += p[4]
dp[11 % 10] += dp[4]
【dp】
0	1	2	3	4	5	6	7	8	9	
0	0	0	0	1	0	0	0	0	1	
【p】
0	1	2	3	4	5	6	7	8	9	
0	0	1	0	0	0	0	0	0	0	
---
dp[(j * na) % 10] += p[j]
dp[(4 * 7) % 10] += p[4]
dp[28 % 10] += dp[4]
【dp】
0	1	2	3	4	5	6	7	8	9	
0	0	0	0	1	0	0	0	0	1	
【p】
0	1	2	3	4	5	6	7	8	9	
0	0	1	0	0	0	0	0	0	0	
===
(j : 5)
dp[(j + na) % 10] += p[j]
dp[(5 + 7) % 10] += p[5]
dp[12 % 10] += dp[5]
【dp】
0	1	2	3	4	5	6	7	8	9	
0	0	0	0	1	0	0	0	0	1	
【p】
0	1	2	3	4	5	6	7	8	9	
0	0	1	0	0	0	0	0	0	0	
---
dp[(j * na) % 10] += p[j]
dp[(5 * 7) % 10] += p[5]
dp[35 % 10] += dp[5]
【dp】
0	1	2	3	4	5	6	7	8	9	
0	0	0	0	1	0	0	0	0	1	
【p】
0	1	2	3	4	5	6	7	8	9	
0	0	1	0	0	0	0	0	0	0	
===
(j : 6)
dp[(j + na) % 10] += p[j]
dp[(6 + 7) % 10] += p[6]
dp[13 % 10] += dp[6]
【dp】
0	1	2	3	4	5	6	7	8	9	
0	0	0	0	1	0	0	0	0	1	
【p】
0	1	2	3	4	5	6	7	8	9	
0	0	1	0	0	0	0	0	0	0	
---
dp[(j * na) % 10] += p[j]
dp[(6 * 7) % 10] += p[6]
dp[42 % 10] += dp[6]
【dp】
0	1	2	3	4	5	6	7	8	9	
0	0	0	0	1	0	0	0	0	1	
【p】
0	1	2	3	4	5	6	7	8	9	
0	0	1	0	0	0	0	0	0	0	
===
(j : 7)
dp[(j + na) % 10] += p[j]
dp[(7 + 7) % 10] += p[7]
dp[14 % 10] += dp[7]
【dp】
0	1	2	3	4	5	6	7	8	9	
0	0	0	0	1	0	0	0	0	1	
【p】
0	1	2	3	4	5	6	7	8	9	
0	0	1	0	0	0	0	0	0	0	
---
dp[(j * na) % 10] += p[j]
dp[(7 * 7) % 10] += p[7]
dp[49 % 10] += dp[7]
【dp】
0	1	2	3	4	5	6	7	8	9	
0	0	0	0	1	0	0	0	0	1	
【p】
0	1	2	3	4	5	6	7	8	9	
0	0	1	0	0	0	0	0	0	0	
===
(j : 8)
dp[(j + na) % 10] += p[j]
dp[(8 + 7) % 10] += p[8]
dp[15 % 10] += dp[8]
【dp】
0	1	2	3	4	5	6	7	8	9	
0	0	0	0	1	0	0	0	0	1	
【p】
0	1	2	3	4	5	6	7	8	9	
0	0	1	0	0	0	0	0	0	0	
---
dp[(j * na) % 10] += p[j]
dp[(8 * 7) % 10] += p[8]
dp[56 % 10] += dp[8]
【dp】
0	1	2	3	4	5	6	7	8	9	
0	0	0	0	1	0	0	0	0	1	
【p】
0	1	2	3	4	5	6	7	8	9	
0	0	1	0	0	0	0	0	0	0	
===
(j : 9)
dp[(j + na) % 10] += p[j]
dp[(9 + 7) % 10] += p[9]
dp[16 % 10] += dp[9]
【dp】
0	1	2	3	4	5	6	7	8	9	
0	0	0	0	1	0	0	0	0	1	
【p】
0	1	2	3	4	5	6	7	8	9	
0	0	1	0	0	0	0	0	0	0	
---
dp[(j * na) % 10] += p[j]
dp[(9 * 7) % 10] += p[9]
dp[63 % 10] += dp[9]
【dp】
0	1	2	3	4	5	6	7	8	9	
0	0	0	0	1	0	0	0	0	1	
【p】
0	1	2	3	4	5	6	7	8	9	
0	0	1	0	0	0	0	0	0	0	
===
(2)
na : 6(na=a[i])
【dp】
0	1	2	3	4	5	6	7	8	9	
0	0	0	0	1	0	0	0	0	1	
【p】
0	1	2	3	4	5	6	7	8	9	
0	0	0	0	0	0	0	0	0	0	
 ----- swap(p,dp)後 ----- 
【dp】
0	1	2	3	4	5	6	7	8	9	
0	0	0	0	0	0	0	0	0	0	
【p】
0	1	2	3	4	5	6	7	8	9	
0	0	0	0	1	0	0	0	0	1	
(j : 0)
dp[(j + na) % 10] += p[j]
dp[(0 + 6) % 10] += p[0]
dp[6 % 10] += dp[0]
【dp】
0	1	2	3	4	5	6	7	8	9	
0	0	0	0	0	0	0	0	0	0	
【p】
0	1	2	3	4	5	6	7	8	9	
0	0	0	0	1	0	0	0	0	1	
---
dp[(j * na) % 10] += p[j]
dp[(0 * 6) % 10] += p[0]
dp[0 % 10] += dp[0]
【dp】
0	1	2	3	4	5	6	7	8	9	
0	0	0	0	0	0	0	0	0	0	
【p】
0	1	2	3	4	5	6	7	8	9	
0	0	0	0	1	0	0	0	0	1	
===
(j : 1)
dp[(j + na) % 10] += p[j]
dp[(1 + 6) % 10] += p[1]
dp[7 % 10] += dp[1]
【dp】
0	1	2	3	4	5	6	7	8	9	
0	0	0	0	0	0	0	0	0	0	
【p】
0	1	2	3	4	5	6	7	8	9	
0	0	0	0	1	0	0	0	0	1	
---
dp[(j * na) % 10] += p[j]
dp[(1 * 6) % 10] += p[1]
dp[6 % 10] += dp[1]
【dp】
0	1	2	3	4	5	6	7	8	9	
0	0	0	0	0	0	0	0	0	0	
【p】
0	1	2	3	4	5	6	7	8	9	
0	0	0	0	1	0	0	0	0	1	
===
(j : 2)
dp[(j + na) % 10] += p[j]
dp[(2 + 6) % 10] += p[2]
dp[8 % 10] += dp[2]
【dp】
0	1	2	3	4	5	6	7	8	9	
0	0	0	0	0	0	0	0	0	0	
【p】
0	1	2	3	4	5	6	7	8	9	
0	0	0	0	1	0	0	0	0	1	
---
dp[(j * na) % 10] += p[j]
dp[(2 * 6) % 10] += p[2]
dp[12 % 10] += dp[2]
【dp】
0	1	2	3	4	5	6	7	8	9	
0	0	0	0	0	0	0	0	0	0	
【p】
0	1	2	3	4	5	6	7	8	9	
0	0	0	0	1	0	0	0	0	1	
===
(j : 3)
dp[(j + na) % 10] += p[j]
dp[(3 + 6) % 10] += p[3]
dp[9 % 10] += dp[3]
【dp】
0	1	2	3	4	5	6	7	8	9	
0	0	0	0	0	0	0	0	0	0	
【p】
0	1	2	3	4	5	6	7	8	9	
0	0	0	0	1	0	0	0	0	1	
---
dp[(j * na) % 10] += p[j]
dp[(3 * 6) % 10] += p[3]
dp[18 % 10] += dp[3]
【dp】
0	1	2	3	4	5	6	7	8	9	
0	0	0	0	0	0	0	0	0	0	
【p】
0	1	2	3	4	5	6	7	8	9	
0	0	0	0	1	0	0	0	0	1	
===
(j : 4)
dp[(j + na) % 10] += p[j]
dp[(4 + 6) % 10] += p[4]
dp[10 % 10] += dp[4]
【dp】
0	1	2	3	4	5	6	7	8	9	
1	0	0	0	0	0	0	0	0	0	
【p】
0	1	2	3	4	5	6	7	8	9	
0	0	0	0	1	0	0	0	0	1	
---
dp[(j * na) % 10] += p[j]
dp[(4 * 6) % 10] += p[4]
dp[24 % 10] += dp[4]
【dp】
0	1	2	3	4	5	6	7	8	9	
1	0	0	0	1	0	0	0	0	0	
【p】
0	1	2	3	4	5	6	7	8	9	
0	0	0	0	1	0	0	0	0	1	
===
(j : 5)
dp[(j + na) % 10] += p[j]
dp[(5 + 6) % 10] += p[5]
dp[11 % 10] += dp[5]
【dp】
0	1	2	3	4	5	6	7	8	9	
1	0	0	0	1	0	0	0	0	0	
【p】
0	1	2	3	4	5	6	7	8	9	
0	0	0	0	1	0	0	0	0	1	
---
dp[(j * na) % 10] += p[j]
dp[(5 * 6) % 10] += p[5]
dp[30 % 10] += dp[5]
【dp】
0	1	2	3	4	5	6	7	8	9	
1	0	0	0	1	0	0	0	0	0	
【p】
0	1	2	3	4	5	6	7	8	9	
0	0	0	0	1	0	0	0	0	1	
===
(j : 6)
dp[(j + na) % 10] += p[j]
dp[(6 + 6) % 10] += p[6]
dp[12 % 10] += dp[6]
【dp】
0	1	2	3	4	5	6	7	8	9	
1	0	0	0	1	0	0	0	0	0	
【p】
0	1	2	3	4	5	6	7	8	9	
0	0	0	0	1	0	0	0	0	1	
---
dp[(j * na) % 10] += p[j]
dp[(6 * 6) % 10] += p[6]
dp[36 % 10] += dp[6]
【dp】
0	1	2	3	4	5	6	7	8	9	
1	0	0	0	1	0	0	0	0	0	
【p】
0	1	2	3	4	5	6	7	8	9	
0	0	0	0	1	0	0	0	0	1	
===
(j : 7)
dp[(j + na) % 10] += p[j]
dp[(7 + 6) % 10] += p[7]
dp[13 % 10] += dp[7]
【dp】
0	1	2	3	4	5	6	7	8	9	
1	0	0	0	1	0	0	0	0	0	
【p】
0	1	2	3	4	5	6	7	8	9	
0	0	0	0	1	0	0	0	0	1	
---
dp[(j * na) % 10] += p[j]
dp[(7 * 6) % 10] += p[7]
dp[42 % 10] += dp[7]
【dp】
0	1	2	3	4	5	6	7	8	9	
1	0	0	0	1	0	0	0	0	0	
【p】
0	1	2	3	4	5	6	7	8	9	
0	0	0	0	1	0	0	0	0	1	
===
(j : 8)
dp[(j + na) % 10] += p[j]
dp[(8 + 6) % 10] += p[8]
dp[14 % 10] += dp[8]
【dp】
0	1	2	3	4	5	6	7	8	9	
1	0	0	0	1	0	0	0	0	0	
【p】
0	1	2	3	4	5	6	7	8	9	
0	0	0	0	1	0	0	0	0	1	
---
dp[(j * na) % 10] += p[j]
dp[(8 * 6) % 10] += p[8]
dp[48 % 10] += dp[8]
【dp】
0	1	2	3	4	5	6	7	8	9	
1	0	0	0	1	0	0	0	0	0	
【p】
0	1	2	3	4	5	6	7	8	9	
0	0	0	0	1	0	0	0	0	1	
===
(j : 9)
dp[(j + na) % 10] += p[j]
dp[(9 + 6) % 10] += p[9]
dp[15 % 10] += dp[9]
【dp】
0	1	2	3	4	5	6	7	8	9	
1	0	0	0	1	1	0	0	0	0	
【p】
0	1	2	3	4	5	6	7	8	9	
0	0	0	0	1	0	0	0	0	1	
---
dp[(j * na) % 10] += p[j]
dp[(9 * 6) % 10] += p[9]
dp[54 % 10] += dp[9]
【dp】
0	1	2	3	4	5	6	7	8	9	
1	0	0	0	2	1	0	0	0	0	
【p】
0	1	2	3	4	5	6	7	8	9	
0	0	0	0	1	0	0	0	0	1	
===
