0 0 0 0 0 0 0 0 0 0 0 
0 0 0 0 0 0 0 0 0 0 0 
0 0 0 0 0 0 0 0 0 0 0 
0 0 0 0 0 0 0 0 0 0 0 
0 0 0 3 0 0 0 0 0 0 0 
0 0 0 3 3 0 0 0 0 0 0 
0 0 0 3 3 3 0 0 0 0 0 
0 0 0 3 3 3 3 0 0 0 0 
0 0 0 3 3 3 3 3 0 0 0 
0 0 0 3 3 3 3 3 3 0 0 
0 0 0 3 3 3 3 3 3 3 0 

0 0 0 0 0 0 0 0 0 0 0 
0 0 0 0 0 0 0 0 0 0 0 
0 0 0 0 0 0 0 0 0 0 0 
0 0 0 0 0 0 0 0 0 0 0 
0 0 0 3 0 0 0 0 0 0 0 
0 0 0 3 3 0 0 0 0 0 0 
0 0 0 3 3 3 0 0 0 0 0 
0 0 0 3 3 3 3 0 0 0 0 
0 0 0 3 3 3 3 6 0 0 0 
0 0 0 3 3 3 3 6 6 0 0 
0 0 0 3 3 3 3 6 6 6 0 

0 0 0 0 0 0 0 0 0 0 0 
0 0 0 0 0 0 0 0 0 0 0 
0 0 0 0 0 0 0 0 0 0 0 
0 0 0 0 0 0 0 0 0 0 0 
0 0 0 3 0 0 0 0 0 0 0 
0 0 0 3 3 0 0 0 0 0 0 
0 0 0 3 3 4 0 0 0 0 0 
0 0 0 3 3 4 4 0 0 0 0 
0 0 0 3 3 4 4 6 0 0 0 
0 0 0 3 3 4 4 6 7 0 0 
0 0 0 3 3 4 4 6 7 7 0 

0 0 0 0 0 0 0 0 0 0 0 
0 0 0 0 0 0 0 0 0 0 0 
0 0 0 0 0 0 0 0 0 0 0 
0 0 0 0 0 0 0 0 0 0 0 
0 0 0 3 0 0 0 0 0 0 0 
0 0 0 3 3 0 0 0 0 0 0 
0 0 0 3 3 4 0 0 0 0 0 
0 0 0 3 3 4 4 0 0 0 0 
0 0 0 3 3 4 4 6 0 0 0 
0 0 0 3 3 4 4 6 7 0 0 
0 0 0 3 3 4 4 6 7 7 0 

0 0 0 0 0 0 0 0 0 0 0 
0 0 0 0 0 0 0 0 0 0 0 
0 0 0 0 0 0 0 0 0 0 0 
0 0 0 0 0 0 0 0 0 0 0 
0 0 0 3 0 0 0 0 0 0 0 
0 0 0 3 3 0 0 0 0 0 0 
0 0 0 3 3 4 0 0 0 0 0 
0 0 0 3 3 4 4 0 0 0 0 
0 0 0 3 3 4 4 6 0 0 0 
0 0 0 3 3 4 4 6 7 0 0 
0 0 0 3 3 4 4 6 7 7 0 

0 0 0 0 0 0 0 0 0 0 0 
0 0 0 0 0 0 0 0 0 0 0 
0 0 0 0 0 0 0 0 0 0 0 
0 0 0 0 0 0 0 0 0 0 0 
0 0 0 3 0 0 0 0 0 0 0 
0 0 0 3 3 0 0 0 0 0 0 
0 0 0 3 3 4 0 0 0 0 0 
0 0 0 3 3 4 4 0 0 0 0 
0 0 0 3 3 4 4 6 0 0 0 
0 0 0 3 3 4 4 6 7 0 0 
0 0 0 3 3 4 4 6 7 7 0 

