0 0 0 
4 0 0 
0 0 0 
0 0 0 
0 0 0 
0 0 0 
0 0 0 
0 0 0 
-----
0 0 0 
4 8 0 
0 0 0 
0 0 0 
0 0 0 
0 0 0 
0 0 0 
0 0 0 
-----
0 0 0 
4 8 5 
0 0 0 
0 0 0 
0 0 0 
0 0 0 
0 0 0 
0 0 0 
-----
0 0 0 
4 8 5 
11 0 0 
0 0 0 
0 0 0 
0 0 0 
0 0 0 
0 0 0 
-----
0 0 0 
4 8 5 
11 11 0 
0 0 0 
0 0 0 
0 0 0 
0 0 0 
0 0 0 
-----
0 0 0 
4 8 5 
11 11 13 
0 0 0 
0 0 0 
0 0 0 
0 0 0 
0 0 0 
-----
0 0 0 
4 8 5 
11 11 13 
15 0 0 
0 0 0 
0 0 0 
0 0 0 
0 0 0 
-----
0 0 0 
4 8 5 
11 11 13 
15 14 0 
0 0 0 
0 0 0 
0 0 0 
0 0 0 
-----
0 0 0 
4 8 5 
11 11 13 
15 14 20 
0 0 0 
0 0 0 
0 0 0 
0 0 0 
-----
0 0 0 
4 8 5 
11 11 13 
15 14 20 
26 0 0 
0 0 0 
0 0 0 
0 0 0 
-----
0 0 0 
4 8 5 
11 11 13 
15 14 20 
26 26 0 
0 0 0 
0 0 0 
0 0 0 
-----
0 0 0 
4 8 5 
11 11 13 
15 14 20 
26 26 22 
0 0 0 
0 0 0 
0 0 0 
-----
0 0 0 
4 8 5 
11 11 13 
15 14 20 
26 26 22 
34 0 0 
0 0 0 
0 0 0 
-----
0 0 0 
4 8 5 
11 11 13 
15 14 20 
26 26 22 
34 31 0 
0 0 0 
0 0 0 
-----
0 0 0 
4 8 5 
11 11 13 
15 14 20 
26 26 22 
34 31 32 
0 0 0 
0 0 0 
-----
0 0 0 
4 8 5 
11 11 13 
15 14 20 
26 26 22 
34 31 32 
41 0 0 
0 0 0 
-----
0 0 0 
4 8 5 
11 11 13 
15 14 20 
26 26 22 
34 31 32 
41 41 0 
0 0 0 
-----
0 0 0 
4 8 5 
11 11 13 
15 14 20 
26 26 22 
34 31 32 
41 41 43 
0 0 0 
-----
0 0 0 
4 8 5 
11 11 13 
15 14 20 
26 26 22 
34 31 32 
41 41 43 
44 0 0 
-----
0 0 0 
4 8 5 
11 11 13 
15 14 20 
26 26 22 
34 31 32 
41 41 43 
44 51 0 
-----
0 0 0 
4 8 5 
11 11 13 
15 14 20 
26 26 22 
34 31 32 
41 41 43 
44 51 44 
-----
