-1 2 0 3 4 5 6 7 1 

0 1 2 3 4 5 6 7 -1 

0 

St6vectorIiSaIiEE 

-1 2 0 3 4 5 6 7 1 (1)---

(*)---0---
u: 1
v: 0
2 -1 0 3 4 5 6 7 1 (2)---

u: 1
v: 0
2 -1 0 3 4 5 6 7 1 (push)---

u: 1
v: 0
-1 2 0 3 4 5 6 7 1 (3)---

u: 2
v: 0
0 2 -1 3 4 5 6 7 1 (2)---

u: 2
v: 0
0 2 -1 3 4 5 6 7 1 (push)---

u: 2
v: 0
-1 2 0 3 4 5 6 7 1 (3)---

u: 8
v: 0
1 2 0 3 4 5 6 7 -1 (2)---

u: 8
v: 0
1 2 0 3 4 5 6 7 -1 (push)---

u: 8
v: 0
-1 2 0 3 4 5 6 7 1 (3)---

2 -1 0 3 4 5 6 7 1 (1)---

(*)---1---
u: 0
v: 1
-1 2 0 3 4 5 6 7 1 (2)---

u: 0
v: 1
-1 2 0 3 4 5 6 7 1 (Nopush)---

u: 0
v: 1
2 -1 0 3 4 5 6 7 1 (3)---

u: 8
v: 1
2 1 0 3 4 5 6 7 -1 (2)---

u: 8
v: 1
2 1 0 3 4 5 6 7 -1 (push)---

u: 8
v: 1
2 -1 0 3 4 5 6 7 1 (3)---

0 2 -1 3 4 5 6 7 1 (1)---

(*)---1---
u: 0
v: 2
-1 2 0 3 4 5 6 7 1 (2)---

u: 0
v: 2
-1 2 0 3 4 5 6 7 1 (Nopush)---

u: 0
v: 2
0 2 -1 3 4 5 6 7 1 (3)---

u: 8
v: 2
0 2 1 3 4 5 6 7 -1 (2)---

u: 8
v: 2
0 2 1 3 4 5 6 7 -1 (push)---

u: 8
v: 2
0 2 -1 3 4 5 6 7 1 (3)---

1 2 0 3 4 5 6 7 -1 (1)---

(*)---1---
u: 0
v: 8
-1 2 0 3 4 5 6 7 1 (2)---

u: 0
v: 8
-1 2 0 3 4 5 6 7 1 (Nopush)---

u: 0
v: 8
1 2 0 3 4 5 6 7 -1 (3)---

u: 1
v: 8
1 -1 0 3 4 5 6 7 2 (2)---

u: 1
v: 8
1 -1 0 3 4 5 6 7 2 (push)---

u: 1
v: 8
1 2 0 3 4 5 6 7 -1 (3)---

u: 2
v: 8
1 2 -1 3 4 5 6 7 0 (2)---

u: 2
v: 8
1 2 -1 3 4 5 6 7 0 (push)---

u: 2
v: 8
1 2 0 3 4 5 6 7 -1 (3)---

2 1 0 3 4 5 6 7 -1 (1)---

(*)---2---
u: 0
v: 8
-1 1 0 3 4 5 6 7 2 (2)---

u: 0
v: 8
-1 1 0 3 4 5 6 7 2 (push)---

u: 0
v: 8
2 1 0 3 4 5 6 7 -1 (3)---

u: 1
v: 8
2 -1 0 3 4 5 6 7 1 (2)---

u: 1
v: 8
2 -1 0 3 4 5 6 7 1 (Nopush)---

u: 1
v: 8
2 1 0 3 4 5 6 7 -1 (3)---

u: 2
v: 8
2 1 -1 3 4 5 6 7 0 (2)---

u: 2
v: 8
2 1 -1 3 4 5 6 7 0 (push)---

u: 2
v: 8
2 1 0 3 4 5 6 7 -1 (3)---

0 2 1 3 4 5 6 7 -1 (1)---

(*)---2---
u: 0
v: 8
-1 2 1 3 4 5 6 7 0 (2)---

u: 0
v: 8
-1 2 1 3 4 5 6 7 0 (push)---

u: 0
v: 8
0 2 1 3 4 5 6 7 -1 (3)---

u: 1
v: 8
0 -1 1 3 4 5 6 7 2 (2)---

u: 1
v: 8
0 -1 1 3 4 5 6 7 2 (push)---

u: 1
v: 8
0 2 1 3 4 5 6 7 -1 (3)---

u: 2
v: 8
0 2 -1 3 4 5 6 7 1 (2)---

u: 2
v: 8
0 2 -1 3 4 5 6 7 1 (Nopush)---

u: 2
v: 8
0 2 1 3 4 5 6 7 -1 (3)---

1 -1 0 3 4 5 6 7 2 (1)---

(*)---2---
u: 0
v: 1
-1 1 0 3 4 5 6 7 2 (2)---

u: 0
v: 1
-1 1 0 3 4 5 6 7 2 (Nopush)---

u: 0
v: 1
1 -1 0 3 4 5 6 7 2 (3)---

u: 8
v: 1
1 2 0 3 4 5 6 7 -1 (2)---

u: 8
v: 1
1 2 0 3 4 5 6 7 -1 (Nopush)---

u: 8
v: 1
1 -1 0 3 4 5 6 7 2 (3)---

1 2 -1 3 4 5 6 7 0 (1)---

(*)---2---
u: 0
v: 2
-1 2 1 3 4 5 6 7 0 (2)---

u: 0
v: 2
-1 2 1 3 4 5 6 7 0 (Nopush)---

u: 0
v: 2
1 2 -1 3 4 5 6 7 0 (3)---

u: 8
v: 2
1 2 0 3 4 5 6 7 -1 (2)---

u: 8
v: 2
1 2 0 3 4 5 6 7 -1 (Nopush)---

u: 8
v: 2
1 2 -1 3 4 5 6 7 0 (3)---

-1 1 0 3 4 5 6 7 2 (1)---

(*)---3---
u: 1
v: 0
1 -1 0 3 4 5 6 7 2 (2)---

u: 1
v: 0
1 -1 0 3 4 5 6 7 2 (Nopush)---

u: 1
v: 0
-1 1 0 3 4 5 6 7 2 (3)---

u: 2
v: 0
0 1 -1 3 4 5 6 7 2 (2)---

u: 2
v: 0
0 1 -1 3 4 5 6 7 2 (push)---

u: 2
v: 0
-1 1 0 3 4 5 6 7 2 (3)---

u: 8
v: 0
2 1 0 3 4 5 6 7 -1 (2)---

u: 8
v: 0
2 1 0 3 4 5 6 7 -1 (Nopush)---

u: 8
v: 0
-1 1 0 3 4 5 6 7 2 (3)---

2 1 -1 3 4 5 6 7 0 (1)---

(*)---3---
u: 0
v: 2
-1 1 2 3 4 5 6 7 0 (2)---

u: 0
v: 2
-1 1 2 3 4 5 6 7 0 (push)---

u: 0
v: 2
2 1 -1 3 4 5 6 7 0 (3)---

u: 8
v: 2
2 1 0 3 4 5 6 7 -1 (2)---

u: 8
v: 2
2 1 0 3 4 5 6 7 -1 (Nopush)---

u: 8
v: 2
2 1 -1 3 4 5 6 7 0 (3)---

-1 2 1 3 4 5 6 7 0 (1)---

(*)---3---
u: 1
v: 0
2 -1 1 3 4 5 6 7 0 (2)---

u: 1
v: 0
2 -1 1 3 4 5 6 7 0 (push)---

u: 1
v: 0
-1 2 1 3 4 5 6 7 0 (3)---

u: 2
v: 0
1 2 -1 3 4 5 6 7 0 (2)---

u: 2
v: 0
1 2 -1 3 4 5 6 7 0 (Nopush)---

u: 2
v: 0
-1 2 1 3 4 5 6 7 0 (3)---

u: 8
v: 0
0 2 1 3 4 5 6 7 -1 (2)---

u: 8
v: 0
0 2 1 3 4 5 6 7 -1 (Nopush)---

u: 8
v: 0
-1 2 1 3 4 5 6 7 0 (3)---

0 -1 1 3 4 5 6 7 2 (1)---

(*)---3---
u: 0
v: 1
-1 0 1 3 4 5 6 7 2 (2)---

u: 0
v: 1
-1 0 1 3 4 5 6 7 2 (push)---

u: 0
v: 1
0 -1 1 3 4 5 6 7 2 (3)---

u: 8
v: 1
0 2 1 3 4 5 6 7 -1 (2)---

u: 8
v: 1
0 2 1 3 4 5 6 7 -1 (Nopush)---

u: 8
v: 1
0 -1 1 3 4 5 6 7 2 (3)---

0 1 -1 3 4 5 6 7 2 (1)---

(*)---4---
u: 0
v: 2
-1 1 0 3 4 5 6 7 2 (2)---

u: 0
v: 2
-1 1 0 3 4 5 6 7 2 (Nopush)---

u: 0
v: 2
0 1 -1 3 4 5 6 7 2 (3)---

u: 8
v: 2
0 1 2 3 4 5 6 7 -1 (2)---

u: 8
v: 2
0 1 2 3 4 5 6 7 -1 (push)---

u: 8
v: 2
0 1 -1 3 4 5 6 7 2 (3)---

-1 1 2 3 4 5 6 7 0 (1)---

(*)---4---
u: 1
v: 0
1 -1 2 3 4 5 6 7 0 (2)---

u: 1
v: 0
1 -1 2 3 4 5 6 7 0 (push)---

u: 1
v: 0
-1 1 2 3 4 5 6 7 0 (3)---

u: 2
v: 0
2 1 -1 3 4 5 6 7 0 (2)---

u: 2
v: 0
2 1 -1 3 4 5 6 7 0 (Nopush)---

u: 2
v: 0
-1 1 2 3 4 5 6 7 0 (3)---

u: 8
v: 0
0 1 2 3 4 5 6 7 -1 (2)---

u: 8
v: 0
0 1 2 3 4 5 6 7 -1 (Nopush)---

u: 8
v: 0
-1 1 2 3 4 5 6 7 0 (3)---

2 -1 1 3 4 5 6 7 0 (1)---

(*)---4---
u: 0
v: 1
-1 2 1 3 4 5 6 7 0 (2)---

u: 0
v: 1
-1 2 1 3 4 5 6 7 0 (Nopush)---

u: 0
v: 1
2 -1 1 3 4 5 6 7 0 (3)---

u: 8
v: 1
2 0 1 3 4 5 6 7 -1 (2)---

u: 8
v: 1
2 0 1 3 4 5 6 7 -1 (push)---

u: 8
v: 1
2 -1 1 3 4 5 6 7 0 (3)---

-1 0 1 3 4 5 6 7 2 (1)---

(*)---4---
u: 1
v: 0
0 -1 1 3 4 5 6 7 2 (2)---

u: 1
v: 0
0 -1 1 3 4 5 6 7 2 (Nopush)---

u: 1
v: 0
-1 0 1 3 4 5 6 7 2 (3)---

u: 2
v: 0
1 0 -1 3 4 5 6 7 2 (2)---

u: 2
v: 0
1 0 -1 3 4 5 6 7 2 (push)---

u: 2
v: 0
-1 0 1 3 4 5 6 7 2 (3)---

u: 8
v: 0
2 0 1 3 4 5 6 7 -1 (2)---

u: 8
v: 0
2 0 1 3 4 5 6 7 -1 (Nopush)---

u: 8
v: 0
-1 0 1 3 4 5 6 7 2 (3)---

0 1 2 3 4 5 6 7 -1 (1)---

(*)---5---
u: 0
v: 8
-1 1 2 3 4 5 6 7 0 (2)---

u: 0
v: 8
-1 1 2 3 4 5 6 7 0 (Nopush)---

u: 0
v: 8
0 1 2 3 4 5 6 7 -1 (3)---

u: 1
v: 8
0 -1 2 3 4 5 6 7 1 (2)---

u: 1
v: 8
0 -1 2 3 4 5 6 7 1 (push)---

u: 1
v: 8
0 1 2 3 4 5 6 7 -1 (3)---

u: 2
v: 8
0 1 -1 3 4 5 6 7 2 (2)---

u: 2
v: 8
0 1 -1 3 4 5 6 7 2 (Nopush)---

u: 2
v: 8
0 1 2 3 4 5 6 7 -1 (3)---

1 -1 2 3 4 5 6 7 0 (1)---

(*)---5---
u: 0
v: 1
-1 1 2 3 4 5 6 7 0 (2)---

u: 0
v: 1
-1 1 2 3 4 5 6 7 0 (Nopush)---

u: 0
v: 1
1 -1 2 3 4 5 6 7 0 (3)---

u: 8
v: 1
1 0 2 3 4 5 6 7 -1 (2)---

u: 8
v: 1
1 0 2 3 4 5 6 7 -1 (push)---

u: 8
v: 1
1 -1 2 3 4 5 6 7 0 (3)---

2 0 1 3 4 5 6 7 -1 (1)---

(*)---5---
u: 0
v: 8
-1 0 1 3 4 5 6 7 2 (2)---

u: 0
v: 8
-1 0 1 3 4 5 6 7 2 (Nopush)---

u: 0
v: 8
2 0 1 3 4 5 6 7 -1 (3)---

u: 1
v: 8
2 -1 1 3 4 5 6 7 0 (2)---

u: 1
v: 8
2 -1 1 3 4 5 6 7 0 (Nopush)---

u: 1
v: 8
2 0 1 3 4 5 6 7 -1 (3)---

u: 2
v: 8
2 0 -1 3 4 5 6 7 1 (2)---

u: 2
v: 8
2 0 -1 3 4 5 6 7 1 (push)---

u: 2
v: 8
2 0 1 3 4 5 6 7 -1 (3)---

1 0 -1 3 4 5 6 7 2 (1)---

(*)---5---
u: 0
v: 2
-1 0 1 3 4 5 6 7 2 (2)---

u: 0
v: 2
-1 0 1 3 4 5 6 7 2 (Nopush)---

u: 0
v: 2
1 0 -1 3 4 5 6 7 2 (3)---

u: 8
v: 2
1 0 2 3 4 5 6 7 -1 (2)---

u: 8
v: 2
1 0 2 3 4 5 6 7 -1 (Nopush)---

u: 8
v: 2
1 0 -1 3 4 5 6 7 2 (3)---

0 -1 2 3 4 5 6 7 1 (1)---

(*)---6---
u: 0
v: 1
-1 0 2 3 4 5 6 7 1 (2)---

u: 0
v: 1
-1 0 2 3 4 5 6 7 1 (push)---

u: 0
v: 1
0 -1 2 3 4 5 6 7 1 (3)---

u: 8
v: 1
0 1 2 3 4 5 6 7 -1 (2)---

u: 8
v: 1
0 1 2 3 4 5 6 7 -1 (Nopush)---

u: 8
v: 1
0 -1 2 3 4 5 6 7 1 (3)---

1 0 2 3 4 5 6 7 -1 (1)---

(*)---6---
u: 0
v: 8
-1 0 2 3 4 5 6 7 1 (2)---

u: 0
v: 8
-1 0 2 3 4 5 6 7 1 (Nopush)---

u: 0
v: 8
1 0 2 3 4 5 6 7 -1 (3)---

u: 1
v: 8
1 -1 2 3 4 5 6 7 0 (2)---

u: 1
v: 8
1 -1 2 3 4 5 6 7 0 (Nopush)---

u: 1
v: 8
1 0 2 3 4 5 6 7 -1 (3)---

u: 2
v: 8
1 0 -1 3 4 5 6 7 2 (2)---

u: 2
v: 8
1 0 -1 3 4 5 6 7 2 (Nopush)---

u: 2
v: 8
1 0 2 3 4 5 6 7 -1 (3)---

2 0 -1 3 4 5 6 7 1 (1)---

(*)---6---
u: 0
v: 2
-1 0 2 3 4 5 6 7 1 (2)---

u: 0
v: 2
-1 0 2 3 4 5 6 7 1 (Nopush)---

u: 0
v: 2
2 0 -1 3 4 5 6 7 1 (3)---

u: 8
v: 2
2 0 1 3 4 5 6 7 -1 (2)---

u: 8
v: 2
2 0 1 3 4 5 6 7 -1 (Nopush)---

u: 8
v: 2
2 0 -1 3 4 5 6 7 1 (3)---

-1 0 2 3 4 5 6 7 1 (1)---

(*)---7---
u: 1
v: 0
0 -1 2 3 4 5 6 7 1 (2)---

u: 1
v: 0
0 -1 2 3 4 5 6 7 1 (Nopush)---

u: 1
v: 0
-1 0 2 3 4 5 6 7 1 (3)---

u: 2
v: 0
2 0 -1 3 4 5 6 7 1 (2)---

u: 2
v: 0
2 0 -1 3 4 5 6 7 1 (Nopush)---

u: 2
v: 0
-1 0 2 3 4 5 6 7 1 (3)---

u: 8
v: 0
1 0 2 3 4 5 6 7 -1 (2)---

u: 8
v: 0
1 0 2 3 4 5 6 7 -1 (Nopush)---

u: 8
v: 0
-1 0 2 3 4 5 6 7 1 (3)---

