0番目
1 0 0 0 0 0 0 0 0 0 0 0 0 0 0 0 
0 0 0 0 0 0 0 0 0 0 0 0 0 0 0 0 

- swap -
0 0 0 0 0 0 0 0 0 0 0 0 0 0 0 0 
1 0 0 0 0 0 0 0 0 0 0 0 0 0 0 0 

1 1 1 1 1 1 1 1 1 1 1 1 1 1 1 1 

0 1 1 0 0 0 0 0 0 0 0 0 0 0 0 0 

1番目
0 1 1 0 0 0 0 0 0 0 0 0 0 0 0 0 
0 0 0 0 0 0 0 0 0 0 0 0 0 0 0 0 

- swap -
0 0 0 0 0 0 0 0 0 0 0 0 0 0 0 0 
0 1 1 0 0 0 0 0 0 0 0 0 0 0 0 0 

0 1 2 2 2 2 2 2 2 2 2 2 2 2 2 2 

0 0 0 0 2 2 0 0 0 0 0 0 0 0 0 0 

2番目
0 0 0 0 2 2 0 0 0 0 0 0 0 0 0 0 
0 0 0 0 0 0 0 0 0 0 0 0 0 0 0 0 

- swap -
0 0 0 0 0 0 0 0 0 0 0 0 0 0 0 0 
0 0 0 0 2 2 0 0 0 0 0 0 0 0 0 0 

0 0 0 0 2 4 4 4 4 4 4 4 4 4 4 4 

0 0 0 0 0 0 4 4 0 0 0 0 0 0 0 0 

3番目
0 0 0 0 0 0 4 4 0 0 0 0 0 0 0 0 
0 0 0 0 0 0 0 0 0 0 0 0 0 0 0 0 

- swap -
0 0 0 0 0 0 0 0 0 0 0 0 0 0 0 0 
0 0 0 0 0 0 4 4 0 0 0 0 0 0 0 0 

0 0 0 0 0 0 4 8 8 8 8 8 8 8 8 8 

0 0 0 0 0 0 0 0 0 0 8 8 0 0 0 0 

4番目
0 0 0 0 0 0 0 0 0 0 8 8 0 0 0 0 
0 0 0 0 0 0 0 0 0 0 0 0 0 0 0 0 

- swap -
0 0 0 0 0 0 0 0 0 0 0 0 0 0 0 0 
0 0 0 0 0 0 0 0 0 0 8 8 0 0 0 0 

0 0 0 0 0 0 0 0 0 0 8 16 16 16 16 16 

0 0 0 0 0 0 0 0 0 0 0 0 0 0 16 16 

